-4.971916221289136e+00 2.471995091151804e+01
-4.871916221289136e+00 2.373556766726021e+01
-4.771916221289136e+00 2.277118442300239e+01
-4.671916221289137e+00 2.182680117874457e+01
-4.571916221289137e+00 2.090241793448674e+01
-4.471916221289137e+00 1.999803469022892e+01
-4.371916221289138e+00 1.911365144597109e+01
-4.271916221289138e+00 1.824926820171327e+01
-4.171916221289139e+00 1.740488495745544e+01
-4.071916221289139e+00 1.658050171319762e+01
-3.971916221289139e+00 1.577611846893979e+01
-3.871916221289139e+00 1.499173522468197e+01
-3.771916221289139e+00 1.422735198042414e+01
-3.671916221289139e+00 1.348296873616631e+01
-3.571916221289139e+00 1.275858549190848e+01
-3.471916221289139e+00 1.205420224765065e+01
-3.371916221289139e+00 1.136981900339282e+01
-3.271916221289139e+00 1.070543575913500e+01
-3.171916221289139e+00 1.006105251487717e+01
-3.071916221289138e+00 9.436669270619339e+00
-2.971916221289138e+00 8.832286026361510e+00
-2.871916221289138e+00 8.247902782103683e+00
-2.771916221289138e+00 7.683519537845855e+00
-2.671916221289138e+00 7.139136293588026e+00
-2.571916221289138e+00 6.614753049330198e+00
-2.471916221289138e+00 6.110369805072370e+00
-2.371916221289138e+00 5.625986560814543e+00
-2.271916221289138e+00 5.161603316556715e+00
-2.171916221289138e+00 4.717220072298886e+00
-2.071916221289138e+00 4.292836828041058e+00
-1.971916221289138e+00 3.888453583783231e+00
-1.871916221289138e+00 3.504070339525403e+00
-1.771916221289138e+00 3.139687095267576e+00
-1.671916221289137e+00 2.795303851009748e+00
-1.571916221289137e+00 2.470920606751920e+00
-1.471916221289137e+00 2.166537362494092e+00
-1.371916221289137e+00 1.882154118236265e+00
-1.271916221289137e+00 1.617770873978437e+00
-1.171916221289137e+00 1.373387629720609e+00
-1.071916221289137e+00 1.149004385462782e+00
-9.744460612276041e-01 9.495451262419916e-01
-8.857561976593304e-01 7.845640416919148e-01
-8.050556848583534e-01 6.481146557227525e-01
-7.316248269866729e-01 5.352748874632790e-01
-6.648087597694931e-01 4.419706870662515e-01
-6.040116103453076e-01 3.648300254319317e-01
-5.486911832077412e-01 3.010620145299110e-01
-4.983541248478082e-01 2.483568337528248e-01
-4.525515239743478e-01 2.048028818515047e-01
-4.108749080749297e-01 1.688181900855819e-01
-3.729526006141308e-01 1.390936423048433e-01
-3.384464063822846e-01 1.145459699930825e-01
-3.070485954342899e-01 9.427883995817021e-02
-2.784791587209189e-01 7.755064184191074e-02
-2.524833109380518e-01 6.374782230224094e-02
-2.288292183239780e-01 5.236281115876277e-02
-2.073059311410173e-01 4.297574908624419e-02
-1.877215024031094e-01 3.523936246448062e-02
-1.699012760719831e-01 2.886644361088822e-02
-1.536863294558536e-01 2.361948786161317e-02
-1.389320559197940e-01 1.930211616210076e-02
-1.255068752682384e-01 1.575197573959715e-02
-1.132910602986700e-01 1.283486434359689e-02
-1.021756690615742e-01 1.043986734818033e-02
-9.206157330443512e-02 8.475333279287883e-03
-8.285857443533678e-02 6.865543357456247e-03
-7.448459912223547e-02 5.547955506400121e-03
-6.686496735417240e-02 4.470923859274540e-03
-5.993172643691756e-02 3.591811833709524e-03
-5.362304498354646e-02 2.875430953307447e-03
-4.788266149549269e-02 2.292749271891938e-03
-4.265938261646286e-02 1.819822925217774e-03
-3.790662658458859e-02 1.436912339023438e-03
-3.358200781127260e-02 1.127751248636374e-03
-2.964695888195869e-02 8.789421709485491e-04
-2.606638660778771e-02 6.794565107866542e-04
-2.280835906077134e-02 5.202212430450703e-04
-1.984382080142979e-02 3.937772239992577e-04
-1.714633375926278e-02 2.939967613840344e-04
-1.469184145519816e-02 2.158502053446792e-04
-1.245845446332863e-02 1.552130876148330e-04
-1.042625519866117e-02 1.087067974676091e-04
-8.577120289955571e-03 7.356699246836753e-05
-6.894558953553749e-03 4.753494316402817e-05
-5.363565926800500e-03 2.876783945113531e-05
-3.970487649500000e-03 1.576477217483203e-05
-2.702900500000000e-03 7.305671112900250e-06
-1.549500000000000e-03 2.400950250000000e-06
-5.000000000000000e-04 2.500000000000000e-07
5.000000000000000e-04 2.500000000000000e-07
1.549500000000000e-03 2.400950250000000e-06
2.702900500000000e-03 7.305671112900250e-06
3.970487649500000e-03 1.576477217483203e-05
5.363565926800500e-03 2.876783945113531e-05
6.894558953553749e-03 4.753494316402817e-05
8.577120289955571e-03 7.356699246836753e-05
1.042625519866117e-02 1.087067974676091e-04
1.245845446332863e-02 1.552130876148330e-04
1.469184145519816e-02 2.158502053446792e-04
1.714633375926278e-02 2.939967613840344e-04
1.984382080142979e-02 3.937772239992577e-04
2.280835906077134e-02 5.202212430450703e-04
2.606638660778771e-02 6.794565107866542e-04
2.964695888195869e-02 8.789421709485491e-04
3.358200781127260e-02 1.127751248636374e-03
3.790662658458859e-02 1.436912339023438e-03
4.265938261646286e-02 1.819822925217774e-03
4.788266149549269e-02 2.292749271891938e-03
5.362304498354646e-02 2.875430953307447e-03
5.993172643691756e-02 3.591811833709524e-03
6.686496735417240e-02 4.470923859274540e-03
7.448459912223547e-02 5.547955506400121e-03
8.285857443533678e-02 6.865543357456247e-03
9.206157330443512e-02 8.475333279287883e-03
1.021756690615742e-01 1.043986734818033e-02
1.132910602986700e-01 1.283486434359689e-02
1.255068752682384e-01 1.575197573959715e-02
1.389320559197940e-01 1.930211616210076e-02
1.536863294558536e-01 2.361948786161317e-02
1.699012760719831e-01 2.886644361088822e-02
1.877215024031094e-01 3.523936246448062e-02
2.073059311410173e-01 4.297574908624419e-02
2.288292183239780e-01 5.236281115876277e-02
2.524833109380518e-01 6.374782230224094e-02
2.784791587209189e-01 7.755064184191074e-02
3.070485954342899e-01 9.427883995817021e-02
3.384464063822846e-01 1.145459699930825e-01
3.729526006141308e-01 1.390936423048433e-01
4.108749080749297e-01 1.688181900855819e-01
4.525515239743478e-01 2.048028818515047e-01
4.983541248478082e-01 2.483568337528248e-01
5.486911832077412e-01 3.010620145299110e-01
6.040116103453076e-01 3.648300254319317e-01
6.648087597694931e-01 4.419706870662515e-01
7.316248269866729e-01 5.352748874632790e-01
8.050556848583534e-01 6.481146557227525e-01
8.857561976593304e-01 7.845640416919148e-01
9.744460612276041e-01 9.495451262419916e-01
1.071916221289137e+00 1.149004385462782e+00
1.171916221289137e+00 1.373387629720609e+00
1.271916221289137e+00 1.617770873978437e+00
1.371916221289137e+00 1.882154118236265e+00
1.471916221289137e+00 2.166537362494092e+00
1.571916221289137e+00 2.470920606751920e+00
1.671916221289137e+00 2.795303851009748e+00
1.771916221289138e+00 3.139687095267576e+00
1.871916221289138e+00 3.504070339525403e+00
1.971916221289138e+00 3.888453583783231e+00
2.071916221289138e+00 4.292836828041058e+00
2.171916221289138e+00 4.717220072298886e+00
2.271916221289138e+00 5.161603316556715e+00
2.371916221289138e+00 5.625986560814543e+00
2.471916221289138e+00 6.110369805072370e+00
2.571916221289138e+00 6.614753049330198e+00
2.671916221289138e+00 7.139136293588026e+00
2.771916221289138e+00 7.683519537845855e+00
2.871916221289138e+00 8.247902782103683e+00
2.971916221289138e+00 8.832286026361510e+00
3.071916221289138e+00 9.436669270619339e+00
3.171916221289139e+00 1.006105251487717e+01
3.271916221289139e+00 1.070543575913500e+01
3.371916221289139e+00 1.136981900339282e+01
3.471916221289139e+00 1.205420224765065e+01
3.571916221289139e+00 1.275858549190848e+01
3.671916221289139e+00 1.348296873616631e+01
3.771916221289139e+00 1.422735198042414e+01
3.871916221289139e+00 1.499173522468197e+01
3.971916221289139e+00 1.577611846893979e+01
4.071916221289139e+00 1.658050171319762e+01
4.171916221289139e+00 1.740488495745544e+01
4.271916221289138e+00 1.824926820171327e+01
4.371916221289138e+00 1.911365144597109e+01
4.471916221289137e+00 1.999803469022892e+01
4.571916221289137e+00 2.090241793448674e+01
4.671916221289137e+00 2.182680117874457e+01
4.771916221289136e+00 2.277118442300239e+01
4.871916221289136e+00 2.373556766726021e+01
4.971916221289136e+00 2.471995091151804e+01
