-5.000000000000000e+00 0.000000000000000e+00
-4.985714285714286e+00 0.000000000000000e+00
-4.971428571428572e+00 2.471515056799999e+01
-4.957142857142857e+00 2.457452439024888e+01
-4.942857142857143e+00 2.443389821249776e+01
-4.928571428571429e+00 2.429327203474664e+01
-4.914285714285715e+00 2.415264585699553e+01
-4.900000000000000e+00 2.401201967924441e+01
-4.885714285714286e+00 2.387139350149329e+01
-4.871428571428572e+00 2.373086485371429e+01
-4.857142857142857e+00 2.359309581882030e+01
-4.842857142857143e+00 2.345532678392633e+01
-4.828571428571428e+00 2.331755774903235e+01
-4.814285714285714e+00 2.317978871413838e+01
-4.800000000000000e+00 2.304201967924440e+01
-4.785714285714286e+00 2.290425064435043e+01
-4.771428571428571e+00 2.276657913942856e+01
-4.757142857142857e+00 2.263166724739174e+01
-4.742857142857143e+00 2.249675535535490e+01
-4.728571428571429e+00 2.236184346331807e+01
-4.714285714285714e+00 2.222693157128124e+01
-4.700000000000000e+00 2.209201967924441e+01
-4.685714285714286e+00 2.195710778720758e+01
-4.671428571428572e+00 2.182229342514286e+01
-4.657142857142857e+00 2.169023867596317e+01
-4.642857142857143e+00 2.155818392678348e+01
-4.628571428571428e+00 2.142612917760378e+01
-4.614285714285714e+00 2.129407442842409e+01
-4.600000000000000e+00 2.116201967924440e+01
-4.585714285714285e+00 2.102996493006471e+01
-4.571428571428571e+00 2.089800771085714e+01
-4.557142857142857e+00 2.076881010453459e+01
-4.542857142857143e+00 2.063961249821205e+01
-4.528571428571428e+00 2.051041489188950e+01
-4.514285714285714e+00 2.038121728556695e+01
-4.500000000000000e+00 2.025201967924441e+01
-4.485714285714286e+00 2.012282207292186e+01
-4.471428571428572e+00 1.999372199657142e+01
-4.457142857142857e+00 1.986738153310602e+01
-4.442857142857143e+00 1.974104106964062e+01
-4.428571428571429e+00 1.961470060617522e+01
-4.414285714285715e+00 1.948836014270981e+01
-4.400000000000000e+00 1.936201967924441e+01
-4.385714285714286e+00 1.923567921577900e+01
-4.371428571428572e+00 1.910943628228571e+01
-4.357142857142857e+00 1.898595296167745e+01
-4.342857142857143e+00 1.886246964106919e+01
-4.328571428571428e+00 1.873898632046092e+01
-4.314285714285714e+00 1.861550299985266e+01
-4.300000000000000e+00 1.849201967924440e+01
-4.285714285714286e+00 1.836853635863614e+01
-4.271428571428571e+00 1.824515056800000e+01
-4.257142857142857e+00 1.812452439024888e+01
-4.242857142857143e+00 1.800389821249776e+01
-4.228571428571429e+00 1.788327203474664e+01
-4.214285714285714e+00 1.776264585699552e+01
-4.200000000000000e+00 1.764201967924441e+01
-4.185714285714286e+00 1.752139350149329e+01
-4.171428571428572e+00 1.740086485371429e+01
-4.157142857142857e+00 1.728309581882031e+01
-4.142857142857143e+00 1.716532678392634e+01
-4.128571428571428e+00 1.704755774903235e+01
-4.114285714285714e+00 1.692978871413838e+01
-4.100000000000000e+00 1.681201967924440e+01
-4.085714285714285e+00 1.669425064435043e+01
-4.071428571428571e+00 1.657657913942857e+01
-4.057142857142857e+00 1.646166724739173e+01
-4.042857142857143e+00 1.634675535535490e+01
-4.028571428571428e+00 1.623184346331807e+01
-4.014285714285714e+00 1.611693157128124e+01
-4.000000000000000e+00 1.600201967924441e+01
-3.985714285714286e+00 1.588710778720757e+01
-3.971428571428572e+00 1.577229342514285e+01
-3.957142857142857e+00 1.566023867596316e+01
-3.942857142857143e+00 1.554818392678348e+01
-3.928571428571429e+00 1.543612917760379e+01
-3.914285714285715e+00 1.532407442842410e+01
-3.900000000000000e+00 1.521201967924440e+01
-3.885714285714286e+00 1.509996493006471e+01
-3.871428571428571e+00 1.498800771085714e+01
-3.857142857142857e+00 1.487881010453459e+01
-3.842857142857143e+00 1.476961249821204e+01
-3.828571428571428e+00 1.466041489188950e+01
-3.814285714285714e+00 1.455121728556695e+01
-3.800000000000000e+00 1.444201967924440e+01
-3.785714285714286e+00 1.433282207292186e+01
-3.771428571428571e+00 1.422372199657142e+01
-3.757142857142857e+00 1.411738153310602e+01
-3.742857142857143e+00 1.401104106964062e+01
-3.728571428571429e+00 1.390470060617521e+01
-3.714285714285714e+00 1.379836014270981e+01
-3.700000000000000e+00 1.369201967924441e+01
-3.685714285714286e+00 1.358567921577900e+01
-3.671428571428572e+00 1.347943628228571e+01
-3.657142857142857e+00 1.337595296167745e+01
-3.642857142857143e+00 1.327246964106919e+01
-3.628571428571429e+00 1.316898632046093e+01
-3.614285714285714e+00 1.306550299985267e+01
-3.600000000000000e+00 1.296201967924441e+01
-3.585714285714285e+00 1.285853635863614e+01
-3.571428571428571e+00 1.275515056799999e+01
-3.557142857142857e+00 1.265452439024888e+01
-3.542857142857143e+00 1.255389821249776e+01
-3.528571428571428e+00 1.245327203474664e+01
-3.514285714285714e+00 1.235264585699552e+01
-3.500000000000000e+00 1.225201967924441e+01
-3.485714285714286e+00 1.215139350149329e+01
-3.471428571428572e+00 1.205086485371428e+01
-3.457142857142857e+00 1.195309581882031e+01
-3.442857142857143e+00 1.185532678392633e+01
-3.428571428571429e+00 1.175755774903236e+01
-3.414285714285715e+00 1.165978871413838e+01
-3.400000000000000e+00 1.156201967924440e+01
-3.385714285714286e+00 1.146425064435043e+01
-3.371428571428571e+00 1.136657913942857e+01
-3.357142857142857e+00 1.127166724739174e+01
-3.342857142857143e+00 1.117675535535490e+01
-3.328571428571428e+00 1.108184346331807e+01
-3.314285714285714e+00 1.098693157128124e+01
-3.300000000000000e+00 1.089201967924440e+01
-3.285714285714286e+00 1.079710778720757e+01
-3.271428571428571e+00 1.070229342514285e+01
-3.257142857142857e+00 1.061023867596317e+01
-3.242857142857143e+00 1.051818392678348e+01
-3.228571428571429e+00 1.042612917760379e+01
-3.214285714285714e+00 1.033407442842410e+01
-3.200000000000000e+00 1.024201967924441e+01
-3.185714285714286e+00 1.014996493006472e+01
-3.171428571428572e+00 1.005800771085714e+01
-3.157142857142857e+00 9.968810104534594e+00
-3.142857142857143e+00 9.879612498212046e+00
-3.128571428571429e+00 9.790414891889499e+00
-3.114285714285714e+00 9.701217285566953e+00
-3.100000000000000e+00 9.612019679244407e+00
-3.085714285714285e+00 9.522822072921857e+00
-3.071428571428571e+00 9.433721996571423e+00
-3.057142857142857e+00 9.347381533106020e+00
-3.042857142857143e+00 9.261041069640616e+00
-3.028571428571428e+00 9.174700606175213e+00
-3.014285714285714e+00 9.088360142709808e+00
-3.000000000000000e+00 9.002019679244405e+00
-2.985714285714286e+00 8.915679215779001e+00
-2.971428571428572e+00 8.829436282285711e+00
-2.957142857142857e+00 8.745952961677450e+00
-2.942857142857143e+00 8.662469641069190e+00
-2.928571428571428e+00 8.578986320460926e+00
-2.914285714285714e+00 8.495502999852667e+00
-2.900000000000000e+00 8.412019679244406e+00
-2.885714285714286e+00 8.328536358636144e+00
-2.871428571428571e+00 8.245150567999998e+00
-2.857142857142857e+00 8.164524390248879e+00
-2.842857142857143e+00 8.083898212497761e+00
-2.828571428571429e+00 8.003272034746644e+00
-2.814285714285715e+00 7.922645856995525e+00
-2.800000000000000e+00 7.842019679244404e+00
-2.785714285714286e+00 7.761393501493287e+00
-2.771428571428571e+00 7.680864853714282e+00
-2.757142857142857e+00 7.603095818820307e+00
-2.742857142857143e+00 7.525326783926332e+00
-2.728571428571429e+00 7.447557749032357e+00
-2.714285714285714e+00 7.369788714138382e+00
-2.700000000000000e+00 7.292019679244406e+00
-2.685714285714285e+00 7.214250644350429e+00
-2.671428571428571e+00 7.136579139428568e+00
-2.657142857142857e+00 7.061667247391735e+00
-2.642857142857143e+00 6.986755355354902e+00
-2.628571428571429e+00 6.911843463318070e+00
-2.614285714285714e+00 6.836931571281238e+00
-2.600000000000000e+00 6.762019679244406e+00
-2.585714285714286e+00 6.687107787207574e+00
-2.571428571428572e+00 6.612293425142854e+00
-2.557142857142857e+00 6.540238675963163e+00
-2.542857142857143e+00 6.468183926783474e+00
-2.528571428571428e+00 6.396129177603784e+00
-2.514285714285714e+00 6.324074428424095e+00
-2.500000000000000e+00 6.252019679244405e+00
-2.485714285714286e+00 6.179964930064716e+00
-2.471428571428572e+00 6.108007710857140e+00
-2.457142857142857e+00 6.038810104534593e+00
-2.442857142857143e+00 5.969612498212047e+00
-2.428571428571428e+00 5.900414891889498e+00
-2.414285714285714e+00 5.831217285566952e+00
-2.400000000000000e+00 5.762019679244405e+00
-2.385714285714286e+00 5.692822072921858e+00
-2.371428571428571e+00 5.623721996571426e+00
-2.357142857142857e+00 5.557381533106022e+00
-2.342857142857143e+00 5.491041069640618e+00
-2.328571428571429e+00 5.424700606175215e+00
-2.314285714285715e+00 5.358360142709810e+00
-2.300000000000000e+00 5.292019679244405e+00
-2.285714285714286e+00 5.225679215779001e+00
-2.271428571428571e+00 5.159436282285711e+00
-2.257142857142857e+00 5.095952961677450e+00
-2.242857142857143e+00 5.032469641069189e+00
-2.228571428571429e+00 4.968986320460928e+00
-2.214285714285714e+00 4.905502999852668e+00
-2.200000000000000e+00 4.842019679244406e+00
-2.185714285714285e+00 4.778536358636144e+00
-2.171428571428571e+00 4.715150567999996e+00
-2.157142857142857e+00 4.654524390248878e+00
-2.142857142857143e+00 4.593898212497760e+00
-2.128571428571429e+00 4.533272034746642e+00
-2.114285714285714e+00 4.472645856995523e+00
-2.100000000000000e+00 4.412019679244406e+00
-2.085714285714286e+00 4.351393501493288e+00
-2.071428571428572e+00 4.290864853714283e+00
-2.057142857142857e+00 4.233095818820306e+00
-2.042857142857143e+00 4.175326783926331e+00
-2.028571428571428e+00 4.117557749032356e+00
-2.014285714285714e+00 4.059788714138381e+00
-2.000000000000000e+00 4.002019679244405e+00
-1.985714285714286e+00 3.944250644350430e+00
-1.971428571428572e+00 3.886579139428568e+00
-1.957142857142857e+00 3.831667247391736e+00
-1.942857142857143e+00 3.776755355354904e+00
-1.928571428571428e+00 3.721843463318069e+00
-1.914285714285714e+00 3.666931571281237e+00
-1.900000000000000e+00 3.612019679244405e+00
-1.885714285714286e+00 3.557107787207573e+00
-1.871428571428571e+00 3.502293425142854e+00
-1.857142857142857e+00 3.450238675963164e+00
-1.842857142857143e+00 3.398183926783475e+00
-1.828571428571429e+00 3.346129177603785e+00
-1.814285714285715e+00 3.294074428424096e+00
-1.800000000000000e+00 3.242019679244405e+00
-1.785714285714286e+00 3.189964930064715e+00
-1.771428571428571e+00 3.138007710857139e+00
-1.757142857142857e+00 3.088810104534593e+00
-1.742857142857143e+00 3.039612498212046e+00
-1.728571428571429e+00 2.990414891889499e+00
-1.714285714285714e+00 2.941217285566953e+00
-1.700000000000000e+00 2.892019679244406e+00
-1.685714285714285e+00 2.842822072921858e+00
-1.671428571428571e+00 2.793721996571425e+00
-1.657142857142857e+00 2.747381533106021e+00
-1.642857142857143e+00 2.701041069640617e+00
-1.628571428571429e+00 2.654700606175214e+00
-1.614285714285714e+00 2.608360142709810e+00
-1.600000000000000e+00 2.562019679244406e+00
-1.585714285714286e+00 2.515679215779002e+00
-1.571428571428572e+00 2.469436282285712e+00
-1.557142857142857e+00 2.425952961677449e+00
-1.542857142857143e+00 2.382469641069188e+00
-1.528571428571428e+00 2.338986320460927e+00
-1.514285714285714e+00 2.295502999852666e+00
-1.500000000000000e+00 2.252019679244406e+00
-1.485714285714286e+00 2.208536358636145e+00
-1.471428571428572e+00 2.165150567999997e+00
-1.457142857142857e+00 2.124524390248879e+00
-1.442857142857143e+00 2.083898212497761e+00
-1.428571428571428e+00 2.043272034746642e+00
-1.414285714285714e+00 2.002645856995523e+00
-1.400000000000000e+00 1.962019679244405e+00
-1.385714285714286e+00 1.921393501493287e+00
-1.371428571428571e+00 1.880864853714282e+00
-1.357142857142857e+00 1.843095818820307e+00
-1.342857142857143e+00 1.805326783926332e+00
-1.328571428571429e+00 1.767557749032357e+00
-1.314285714285715e+00 1.729788714138381e+00
-1.300000000000000e+00 1.692019679244405e+00
-1.285714285714286e+00 1.654250644350430e+00
-1.271428571428571e+00 1.616579139428568e+00
-1.257142857142857e+00 1.581667247391735e+00
-1.242857142857143e+00 1.546755355354903e+00
-1.228571428571429e+00 1.511843463318071e+00
-1.214285714285714e+00 1.476931571281238e+00
-1.200000000000000e+00 1.442019679244406e+00
-1.185714285714285e+00 1.407107787207573e+00
-1.171428571428571e+00 1.372293425142853e+00
-1.157142857142857e+00 1.340238675963164e+00
-1.142857142857143e+00 1.308183926783474e+00
-1.128571428571429e+00 1.276129177603785e+00
-1.114285714285714e+00 1.244074428424095e+00
-1.100000000000000e+00 1.212019679244406e+00
-1.085714285714286e+00 1.179964930064716e+00
-1.071428571428572e+00 1.148006477181047e+00
-1.057142857142857e+00 1.118772730287949e+00
-1.042857142857143e+00 1.089538983394853e+00
-1.028571428571428e+00 1.060305236501757e+00
-1.014285714285714e+00 1.031071489608661e+00
-1.000000000000000e+00 1.001837742715565e+00
-9.857142857142858e-01 9.726039958224685e-01
-9.714285714285715e-01 9.439319849016629e-01
-9.571428571428573e-01 9.173576669175639e-01
-9.428571428571431e-01 8.907833489334649e-01
-9.285714285714288e-01 8.642090309493660e-01
-9.142857142857146e-01 8.376347129652670e-01
-9.000000000000004e-01 8.110603949811680e-01
-8.857142857142861e-01 7.844931764772145e-01
-8.714285714285710e-01 7.603387210126747e-01
-8.571428571428568e-01 7.361842655481364e-01
-8.428571428571425e-01 7.120298100835982e-01
-8.285714285714283e-01 6.878753546190600e-01
-8.142857142857141e-01 6.637208991545217e-01
-7.999999999999998e-01 6.403456833268906e-01
-7.857142857142856e-01 6.183931045862474e-01
-7.714285714285714e-01 5.964405258456043e-01
-7.571428571428571e-01 5.744879471049611e-01
-7.428571428571429e-01 5.525353683643179e-01
-7.285714285714286e-01 5.310110193624840e-01
-7.142857142857144e-01 5.110619681231102e-01
-7.000000000000002e-01 4.911129168837365e-01
-6.857142857142859e-01 4.711638656443627e-01
-6.714285714285717e-01 4.512148144049890e-01
-6.571428571428575e-01 4.322440336582598e-01
-6.428571428571432e-01 4.141180283709056e-01
-6.285714285714290e-01 3.959920230835513e-01
-6.142857142857139e-01 3.778660177961959e-01
-5.999999999999996e-01 3.602058309802489e-01
-5.857142857142854e-01 3.437386482152054e-01
-5.714285714285712e-01 3.272714654501619e-01
-5.571428571428569e-01 3.108042826851184e-01
-5.428571428571427e-01 2.949535099538101e-01
-5.285714285714285e-01 2.799957198387309e-01
-5.142857142857142e-01 2.650379297236516e-01
-5.000000000000000e-01 2.500801396085724e-01
-4.857142857142858e-01 2.363375393205550e-01
-4.714285714285715e-01 2.227531729088099e-01
-4.571428571428573e-01 2.091688064970649e-01
-4.428571428571431e-01 1.964324969525507e-01
-4.285714285714288e-01 1.840978336375611e-01
-4.142857142857146e-01 1.717631703225714e-01
-4.000000000000004e-01 1.602941379819875e-01
-3.857142857142861e-01 1.490966021435724e-01
-3.714285714285710e-01 1.380094494556026e-01
-3.571428571428568e-01 1.278466064985110e-01
-3.428571428571425e-01 1.176837635414193e-01
-3.285714285714283e-01 1.081717211731252e-01
-3.142857142857141e-01 9.895036400431703e-02
-2.999999999999998e-01 9.015169170358171e-02
-2.857142857142856e-01 8.178700950136447e-02
-2.714285714285714e-01 7.380704460061974e-02
-2.571428571428571e-01 6.622186646263448e-02
-2.428571428571429e-01 5.911462699611726e-02
-2.285714285714286e-01 5.225037998650413e-02
-2.142857142857144e-01 4.601987785128994e-02
-2.000000000000002e-01 4.008970585795810e-02
-1.857142857142859e-01 3.452153605522199e-02
-1.714285714285717e-01 2.941263921986354e-02
-1.571428571428575e-01 2.473797737929143e-02
-1.428571428571432e-01 2.045066876416695e-02
-1.285714285714290e-01 1.656236293966163e-02
-1.142857142857139e-01 1.307238566230635e-02
-9.999999999999964e-02 1.001727138935905e-02
-8.571428571428541e-02 7.365064796272074e-03
-7.142857142857117e-02 5.115987316760776e-03
-5.714285714285694e-02 3.275122418500919e-03
-4.285714285714270e-02 1.837728541652999e-03
-2.857142857142847e-02 8.190207791732849e-04
-1.428571428571423e-02 2.048237325126369e-04
1.428571428571429e-02 2.048237325126383e-04
2.857142857142857e-02 8.190207791732905e-04
4.285714285714286e-02 1.837728541653013e-03
5.714285714285714e-02 3.275122418500941e-03
7.142857142857142e-02 5.115987316760812e-03
8.571428571428572e-02 7.365064796272127e-03
1.000000000000000e-01 1.001727138935912e-02
1.142857142857143e-01 1.307238566230645e-02
1.285714285714286e-01 1.656236293966151e-02
1.428571428571428e-01 2.045066876416683e-02
1.571428571428571e-01 2.473797737929132e-02
1.714285714285714e-01 2.941263921986344e-02
1.857142857142857e-01 3.452153605522191e-02
2.000000000000000e-01 4.008970585795803e-02
2.142857142857143e-01 4.601987785128987e-02
2.285714285714286e-01 5.225037998650409e-02
2.428571428571429e-01 5.911462699611725e-02
2.571428571428571e-01 6.622186646263448e-02
2.714285714285714e-01 7.380704460061976e-02
2.857142857142857e-01 8.178700950136454e-02
3.000000000000000e-01 9.015169170358181e-02
3.142857142857143e-01 9.895036400431718e-02
3.285714285714286e-01 1.081717211731254e-01
3.428571428571429e-01 1.176837635414196e-01
3.571428571428572e-01 1.278466064985112e-01
3.714285714285714e-01 1.380094494556029e-01
3.857142857142857e-01 1.490966021435721e-01
4.000000000000000e-01 1.602941379819872e-01
4.142857142857143e-01 1.717631703225712e-01
4.285714285714285e-01 1.840978336375608e-01
4.428571428571428e-01 1.964324969525505e-01
4.571428571428571e-01 2.091688064970647e-01
4.714285714285714e-01 2.227531729088098e-01
4.857142857142857e-01 2.363375393205549e-01
5.000000000000000e-01 2.500801396085724e-01
5.142857142857142e-01 2.650379297236516e-01
5.285714285714286e-01 2.799957198387310e-01
5.428571428571428e-01 2.949535099538102e-01
5.571428571428572e-01 3.108042826851187e-01
5.714285714285714e-01 3.272714654501622e-01
5.857142857142857e-01 3.437386482152058e-01
6.000000000000000e-01 3.602058309802493e-01
6.142857142857143e-01 3.778660177961965e-01
6.285714285714286e-01 3.959920230835507e-01
6.428571428571429e-01 4.141180283709051e-01
6.571428571428571e-01 4.322440336582594e-01
6.714285714285714e-01 4.512148144049886e-01
6.857142857142857e-01 4.711638656443625e-01
7.000000000000000e-01 4.911129168837362e-01
7.142857142857143e-01 5.110619681231101e-01
7.285714285714285e-01 5.310110193624837e-01
7.428571428571429e-01 5.525353683643179e-01
7.571428571428571e-01 5.744879471049611e-01
7.714285714285715e-01 5.964405258456044e-01
7.857142857142857e-01 6.183931045862475e-01
8.000000000000000e-01 6.403456833268909e-01
8.142857142857143e-01 6.637208991545221e-01
8.285714285714286e-01 6.878753546190606e-01
8.428571428571429e-01 7.120298100835988e-01
8.571428571428571e-01 7.361842655481370e-01
8.714285714285714e-01 7.603387210126755e-01
8.857142857142857e-01 7.844931764772137e-01
9.000000000000000e-01 8.110603949811674e-01
9.142857142857143e-01 8.376347129652664e-01
9.285714285714286e-01 8.642090309493655e-01
9.428571428571428e-01 8.907833489334646e-01
9.571428571428572e-01 9.173576669175637e-01
9.714285714285714e-01 9.439319849016627e-01
9.857142857142858e-01 9.726039958224685e-01
1.000000000000000e+00 1.001837742715565e+00
1.014285714285714e+00 1.031071489608661e+00
1.028571428571428e+00 1.060305236501757e+00
1.042857142857143e+00 1.089538983394854e+00
1.057142857142857e+00 1.118772730287950e+00
1.071428571428571e+00 1.148006477181046e+00
1.085714285714286e+00 1.179964930064716e+00
1.100000000000000e+00 1.212019679244406e+00
1.114285714285714e+00 1.244074428424095e+00
1.128571428571429e+00 1.276129177603785e+00
1.142857142857143e+00 1.308183926783474e+00
1.157142857142857e+00 1.340238675963164e+00
1.171428571428571e+00 1.372293425142854e+00
1.185714285714286e+00 1.407107787207573e+00
1.200000000000000e+00 1.442019679244405e+00
1.214285714285714e+00 1.476931571281238e+00
1.228571428571429e+00 1.511843463318071e+00
1.242857142857143e+00 1.546755355354903e+00
1.257142857142857e+00 1.581667247391735e+00
1.271428571428571e+00 1.616579139428568e+00
1.285714285714286e+00 1.654250644350431e+00
1.300000000000000e+00 1.692019679244406e+00
1.314285714285714e+00 1.729788714138381e+00
1.328571428571429e+00 1.767557749032356e+00
1.342857142857143e+00 1.805326783926331e+00
1.357142857142857e+00 1.843095818820307e+00
1.371428571428571e+00 1.880864853714282e+00
1.385714285714286e+00 1.921393501493287e+00
1.400000000000000e+00 1.962019679244405e+00
1.414285714285714e+00 2.002645856995524e+00
1.428571428571429e+00 2.043272034746642e+00
1.442857142857143e+00 2.083898212497760e+00
1.457142857142857e+00 2.124524390248878e+00
1.471428571428572e+00 2.165150567999997e+00
1.485714285714286e+00 2.208536358636145e+00
1.500000000000000e+00 2.252019679244406e+00
1.514285714285714e+00 2.295502999852666e+00
1.528571428571428e+00 2.338986320460927e+00
1.542857142857143e+00 2.382469641069189e+00
1.557142857142857e+00 2.425952961677450e+00
1.571428571428571e+00 2.469436282285711e+00
1.585714285714286e+00 2.515679215779001e+00
1.600000000000000e+00 2.562019679244406e+00
1.614285714285714e+00 2.608360142709810e+00
1.628571428571429e+00 2.654700606175214e+00
1.642857142857143e+00 2.701041069640617e+00
1.657142857142857e+00 2.747381533106022e+00
1.671428571428571e+00 2.793721996571426e+00
1.685714285714286e+00 2.842822072921859e+00
1.700000000000000e+00 2.892019679244406e+00
1.714285714285714e+00 2.941217285566952e+00
1.728571428571429e+00 2.990414891889499e+00
1.742857142857143e+00 3.039612498212046e+00
1.757142857142857e+00 3.088810104534593e+00
1.771428571428571e+00 3.138007710857139e+00
1.785714285714286e+00 3.189964930064716e+00
1.800000000000000e+00 3.242019679244406e+00
1.814285714285714e+00 3.294074428424095e+00
1.828571428571429e+00 3.346129177603784e+00
1.842857142857143e+00 3.398183926783474e+00
1.857142857142857e+00 3.450238675963164e+00
1.871428571428571e+00 3.502293425142854e+00
1.885714285714286e+00 3.557107787207573e+00
1.900000000000000e+00 3.612019679244405e+00
1.914285714285714e+00 3.666931571281238e+00
1.928571428571429e+00 3.721843463318070e+00
1.942857142857143e+00 3.776755355354903e+00
1.957142857142857e+00 3.831667247391735e+00
1.971428571428572e+00 3.886579139428568e+00
1.985714285714286e+00 3.944250644350430e+00
2.000000000000000e+00 4.002019679244405e+00
2.014285714285714e+00 4.059788714138381e+00
2.028571428571428e+00 4.117557749032356e+00
2.042857142857143e+00 4.175326783926331e+00
2.057142857142857e+00 4.233095818820306e+00
2.071428571428572e+00 4.290864853714283e+00
2.085714285714286e+00 4.351393501493288e+00
2.100000000000000e+00 4.412019679244406e+00
2.114285714285714e+00 4.472645856995523e+00
2.128571428571429e+00 4.533272034746642e+00
2.142857142857143e+00 4.593898212497760e+00
2.157142857142857e+00 4.654524390248878e+00
2.171428571428571e+00 4.715150567999996e+00
2.185714285714285e+00 4.778536358636144e+00
2.200000000000000e+00 4.842019679244406e+00
2.214285714285714e+00 4.905502999852668e+00
2.228571428571429e+00 4.968986320460928e+00
2.242857142857143e+00 5.032469641069190e+00
2.257142857142857e+00 5.095952961677450e+00
2.271428571428571e+00 5.159436282285711e+00
2.285714285714286e+00 5.225679215779001e+00
2.300000000000000e+00 5.292019679244405e+00
2.314285714285715e+00 5.358360142709810e+00
2.328571428571429e+00 5.424700606175215e+00
2.342857142857143e+00 5.491041069640618e+00
2.357142857142857e+00 5.557381533106022e+00
2.371428571428571e+00 5.623721996571426e+00
2.385714285714286e+00 5.692822072921858e+00
2.400000000000000e+00 5.762019679244405e+00
2.414285714285714e+00 5.831217285566952e+00
2.428571428571428e+00 5.900414891889498e+00
2.442857142857143e+00 5.969612498212047e+00
2.457142857142857e+00 6.038810104534593e+00
2.471428571428572e+00 6.108007710857140e+00
2.485714285714286e+00 6.179964930064716e+00
2.500000000000000e+00 6.252019679244405e+00
2.514285714285714e+00 6.324074428424095e+00
2.528571428571428e+00 6.396129177603784e+00
2.542857142857143e+00 6.468183926783474e+00
2.557142857142857e+00 6.540238675963163e+00
2.571428571428572e+00 6.612293425142854e+00
2.585714285714286e+00 6.687107787207574e+00
2.600000000000000e+00 6.762019679244406e+00
2.614285714285714e+00 6.836931571281238e+00
2.628571428571429e+00 6.911843463318070e+00
2.642857142857143e+00 6.986755355354902e+00
2.657142857142857e+00 7.061667247391735e+00
2.671428571428571e+00 7.136579139428568e+00
2.685714285714285e+00 7.214250644350429e+00
2.700000000000000e+00 7.292019679244406e+00
2.714285714285714e+00 7.369788714138382e+00
2.728571428571429e+00 7.447557749032357e+00
2.742857142857143e+00 7.525326783926332e+00
2.757142857142857e+00 7.603095818820307e+00
2.771428571428571e+00 7.680864853714282e+00
2.785714285714286e+00 7.761393501493287e+00
2.800000000000000e+00 7.842019679244404e+00
2.814285714285715e+00 7.922645856995525e+00
2.828571428571429e+00 8.003272034746644e+00
2.842857142857143e+00 8.083898212497761e+00
2.857142857142857e+00 8.164524390248879e+00
2.871428571428571e+00 8.245150567999998e+00
2.885714285714286e+00 8.328536358636144e+00
2.900000000000000e+00 8.412019679244406e+00
2.914285714285714e+00 8.495502999852667e+00
2.928571428571428e+00 8.578986320460926e+00
2.942857142857143e+00 8.662469641069190e+00
2.957142857142857e+00 8.745952961677450e+00
2.971428571428572e+00 8.829436282285711e+00
2.985714285714286e+00 8.915679215779001e+00
3.000000000000000e+00 9.002019679244405e+00
3.014285714285714e+00 9.088360142709808e+00
3.028571428571428e+00 9.174700606175213e+00
3.042857142857143e+00 9.261041069640616e+00
3.057142857142857e+00 9.347381533106020e+00
3.071428571428572e+00 9.433721996571427e+00
3.085714285714286e+00 9.522822072921858e+00
3.100000000000000e+00 9.612019679244407e+00
3.114285714285714e+00 9.701217285566953e+00
3.128571428571429e+00 9.790414891889499e+00
3.142857142857143e+00 9.879612498212046e+00
3.157142857142857e+00 9.968810104534592e+00
3.171428571428571e+00 1.005800771085714e+01
3.185714285714285e+00 1.014996493006471e+01
3.200000000000000e+00 1.024201967924441e+01
3.214285714285714e+00 1.033407442842410e+01
3.228571428571429e+00 1.042612917760379e+01
3.242857142857143e+00 1.051818392678348e+01
3.257142857142857e+00 1.061023867596317e+01
3.271428571428571e+00 1.070229342514285e+01
3.285714285714286e+00 1.079710778720757e+01
3.300000000000000e+00 1.089201967924440e+01
3.314285714285715e+00 1.098693157128124e+01
3.328571428571429e+00 1.108184346331807e+01
3.342857142857143e+00 1.117675535535490e+01
3.357142857142857e+00 1.127166724739174e+01
3.371428571428571e+00 1.136657913942857e+01
3.385714285714286e+00 1.146425064435043e+01
3.400000000000000e+00 1.156201967924440e+01
3.414285714285714e+00 1.165978871413838e+01
3.428571428571428e+00 1.175755774903235e+01
3.442857142857143e+00 1.185532678392633e+01
3.457142857142857e+00 1.195309581882031e+01
3.471428571428572e+00 1.205086485371428e+01
3.485714285714286e+00 1.215139350149329e+01
3.500000000000000e+00 1.225201967924441e+01
3.514285714285714e+00 1.235264585699552e+01
3.528571428571428e+00 1.245327203474664e+01
3.542857142857143e+00 1.255389821249776e+01
3.557142857142857e+00 1.265452439024888e+01
3.571428571428572e+00 1.275515056800000e+01
3.585714285714286e+00 1.285853635863615e+01
3.600000000000000e+00 1.296201967924441e+01
3.614285714285714e+00 1.306550299985267e+01
3.628571428571429e+00 1.316898632046093e+01
3.642857142857143e+00 1.327246964106919e+01
3.657142857142857e+00 1.337595296167745e+01
3.671428571428571e+00 1.347943628228571e+01
3.685714285714285e+00 1.358567921577900e+01
3.700000000000000e+00 1.369201967924441e+01
3.714285714285714e+00 1.379836014270981e+01
3.728571428571429e+00 1.390470060617521e+01
3.742857142857143e+00 1.401104106964062e+01
3.757142857142857e+00 1.411738153310602e+01
3.771428571428571e+00 1.422372199657142e+01
3.785714285714286e+00 1.433282207292186e+01
3.800000000000000e+00 1.444201967924440e+01
3.814285714285715e+00 1.455121728556695e+01
3.828571428571429e+00 1.466041489188950e+01
3.842857142857143e+00 1.476961249821205e+01
3.857142857142857e+00 1.487881010453459e+01
3.871428571428571e+00 1.498800771085714e+01
3.885714285714286e+00 1.509996493006471e+01
3.900000000000000e+00 1.521201967924440e+01
3.914285714285714e+00 1.532407442842409e+01
3.928571428571428e+00 1.543612917760378e+01
3.942857142857143e+00 1.554818392678348e+01
3.957142857142857e+00 1.566023867596316e+01
3.971428571428572e+00 1.577229342514285e+01
3.985714285714286e+00 1.588710778720757e+01
4.000000000000000e+00 1.600201967924441e+01
4.014285714285714e+00 1.611693157128124e+01
4.028571428571428e+00 1.623184346331807e+01
4.042857142857143e+00 1.634675535535490e+01
4.057142857142857e+00 1.646166724739173e+01
4.071428571428571e+00 1.657657913942857e+01
4.085714285714285e+00 1.669425064435043e+01
4.100000000000000e+00 1.681201967924440e+01
4.114285714285714e+00 1.692978871413838e+01
4.128571428571429e+00 1.704755774903236e+01
4.142857142857143e+00 1.716532678392634e+01
4.157142857142857e+00 1.728309581882031e+01
4.171428571428572e+00 1.740086485371429e+01
4.185714285714286e+00 1.752139350149329e+01
4.200000000000000e+00 1.764201967924441e+01
4.214285714285714e+00 1.776264585699552e+01
4.228571428571429e+00 1.788327203474664e+01
4.242857142857143e+00 1.800389821249776e+01
4.257142857142857e+00 1.812452439024888e+01
4.271428571428571e+00 1.824515056799999e+01
4.285714285714286e+00 1.836853635863614e+01
4.300000000000000e+00 1.849201967924440e+01
4.314285714285714e+00 1.861550299985266e+01
4.328571428571428e+00 1.873898632046092e+01
4.342857142857143e+00 1.886246964106919e+01
4.357142857142857e+00 1.898595296167745e+01
4.371428571428571e+00 1.910943628228571e+01
4.385714285714286e+00 1.923567921577900e+01
4.400000000000000e+00 1.936201967924441e+01
4.414285714285715e+00 1.948836014270981e+01
4.428571428571429e+00 1.961470060617522e+01
4.442857142857143e+00 1.974104106964062e+01
4.457142857142857e+00 1.986738153310602e+01
4.471428571428572e+00 1.999372199657142e+01
4.485714285714286e+00 2.012282207292186e+01
4.500000000000000e+00 2.025201967924441e+01
4.514285714285714e+00 2.038121728556695e+01
4.528571428571428e+00 2.051041489188950e+01
4.542857142857143e+00 2.063961249821205e+01
4.557142857142857e+00 2.076881010453459e+01
4.571428571428571e+00 2.089800771085714e+01
4.585714285714285e+00 2.102996493006471e+01
4.600000000000000e+00 2.116201967924440e+01
4.614285714285714e+00 2.129407442842409e+01
4.628571428571429e+00 2.142612917760379e+01
4.642857142857143e+00 2.155818392678348e+01
4.657142857142857e+00 2.169023867596317e+01
4.671428571428572e+00 2.182229342514286e+01
4.685714285714286e+00 2.195710778720758e+01
4.700000000000000e+00 2.209201967924441e+01
4.714285714285714e+00 2.222693157128124e+01
4.728571428571429e+00 2.236184346331807e+01
4.742857142857143e+00 2.249675535535490e+01
4.757142857142857e+00 2.263166724739174e+01
4.771428571428571e+00 2.276657913942856e+01
4.785714285714286e+00 2.290425064435043e+01
4.800000000000000e+00 2.304201967924440e+01
4.814285714285714e+00 2.317978871413838e+01
4.828571428571428e+00 2.331755774903235e+01
4.842857142857143e+00 2.345532678392633e+01
4.857142857142857e+00 2.359309581882030e+01
4.871428571428571e+00 2.373086485371428e+01
4.885714285714286e+00 2.387139350149329e+01
4.900000000000000e+00 2.401201967924441e+01
4.914285714285715e+00 2.415264585699553e+01
4.928571428571429e+00 2.429327203474664e+01
4.942857142857143e+00 2.443389821249776e+01
4.957142857142857e+00 2.457452439024888e+01
4.971428571428572e+00 2.471515056800000e+01
4.985714285714286e+00 0.000000000000000e+00
5.000000000000000e+00 0.000000000000000e+00
